binmids - fit	dM/dlogD (ug/m3) - fit comb	dN/dlogD (1/cm3) - fit comb	binmids - meas	dM/dlogD (ug/m3) - meas	dN/dlogD (1/cm3) - meas		dM/dlogD (ug/m3) - fit HG	dM/dlogD (ug/m3) - fit lG	dN/dlogD (1/cm3) - fit HG	dN/dlogD (1/cm3) - fit LG	dM/dlogD (ug/m3) - meas HG	dM/dlogD (ug/m3) - meas HG bins	dN/dlogD (1/cm3) - meas HG	dN/dlogD (1/cm3) - meas HG bins													
10	6.55E-14	1.44E-05	76.4901	0.0016774	3.97696		7.02E-17	4.87E-11	0.000188836	6.06E-09	0.00207322	74.1588	5.39369	74.1588													
10.4762	1.47E-13	2.33E-05	86.844	0.00165024	2.67335		1.98E-16	9.05E-11	0.000276508	1.33E-08	0.00116188	79.143	2.48686	79.143													
10.975	3.27E-13	3.71E-05	98.5995	0.00273854	3.03127		5.52E-16	1.66E-10	0.000401865	2.86E-08	0.00150415	84.4623	2.64869	84.4623													
11.4976	7.18E-13	5.87E-05	111.946	0.00487256	3.68517		1.51E-15	3.03E-10	0.000579698	6.08E-08	0.00187352	90.139	2.71424	90.139													
12.045	1.55E-12	9.21E-05	127.1	0.00777299	4.01684		4.06E-15	5.45E-10	0.000829988	1.27E-07	0.00248348	96.1973	2.96006	96.1973													
12.6186	3.32E-12	0.000142974	144.304	0.0108321	3.82476		1.08E-14	9.73E-10	0.00117948	2.62E-07	0.00325261	102.663	3.18949	102.663													
13.2194	7.01E-12	0.000219965	163.838	0.0131516	3.17297		2.80E-14	1.72E-09	0.00166364	5.31E-07	0.00441564	109.563	3.56232	109.563													
13.8489	1.46E-11	0.000335288	186.015	0.0140332	2.31334		7.16E-14	3.00E-09	0.00232903	1.06E-06	0.00584553	116.927	3.87983	116.927													
14.5083	3.00E-11	0.000506349	211.195	0.0123285	1.38863		1.80E-13	5.20E-09	0.00323624	2.09E-06	0.0073415	124.785	4.00888	124.785													
15.1991	6.10E-11	0.000757615	239.783	0.0109923	0.845984		4.46E-13	8.91E-09	0.00446329	4.05E-06	0.00918342	133.172	4.12565	133.172													
15.9228	1.22E-10	0.00112309	272.241	0.00864261	0.45448		1.09E-12	1.51E-08	0.00610968	7.74E-06	0.0104861	142.123	3.87573	142.123													
16.681	2.42E-10	0.00164948	309.092	0.00747828	0.2687		2.60E-12	2.54E-08	0.00830102	1.46E-05	0.0117555	151.675	3.57461	151.675													
17.4753	4.73E-10	0.0024002	350.932	0.00602816	0.147995		6.12E-12	4.22E-08	0.0111942	2.70E-05	0.0128066	161.869	3.20383	161.869													
18.3074	9.13E-10	0.0034603	398.435	0.00538107	0.0902663		1.42E-11	6.95E-08	0.0149831	4.92E-05	0.0140135	172.748	2.88427	172.748													
19.1791	1.74E-09	0.00494252	452.368	0.00558603	0.064026		3.23E-11	1.13E-07	0.019905	8.84E-05	0.0139726	184.359	2.366	184.359													
20.0923	3.27E-09	0.00699439	513.602	0.00348459	0.0272898		7.22E-11	1.83E-07	0.0262464	0.000156463	0.0131457	196.75	1.83134	196.75													
21.049	6.07E-09	0.0098066	583.125	0.00470755	0.0251906		1.59E-10	2.92E-07	0.03435	0.000272741	0.0124575	209.973	1.42779	209.973													
22.0513	1.11E-08	0.0136224	662.059	0.00344484	0.0125953		3.44E-10	4.62E-07	0.0446203	0.000468263	0.0126653	224.086	1.19427	224.086													
23.1013	2.01E-08	0.0187481	751.677	0.00336111	0.00839687		7.34E-10	7.23E-07	0.057529	0.000791832	0.0105623	239.147	0.819395	239.147													
24.2013	3.59E-08	0.0255638	853.427	0.0153722	0.0262402		1.54E-09	1.12E-06	0.0736191	0.0013188	0.0393174	255.22	2.5094	255.22													
25.3536	6.34E-08	0.0345353					3.17E-09	1.72E-06	0.0935068	0.00216334																	
26.5609	1.10E-07	0.0462239					6.41E-09	2.61E-06	0.117881	0.00349523																	
27.8256	1.90E-07	0.0612968					1.28E-08	3.93E-06	0.147501	0.00556195																	
29.1505	3.22E-07	0.0805334					2.50E-08	5.85E-06	0.183187	0.0087173																	
30.5386	5.39E-07	0.104829					4.82E-08	8.63E-06	0.22581	0.0134567																	
31.9927	8.91E-07	0.135193					9.14E-08	1.26E-05	0.276274	0.0204597																	
33.516	1.46E-06	0.17274					1.70E-07	1.82E-05	0.335494	0.0306381																	
35.1119	2.35E-06	0.218675					3.12E-07	2.60E-05	0.404371	0.0451883																	
36.7838	3.73E-06	0.274267					5.63E-07	3.69E-05	0.483753	0.0656437																	
38.5353	5.87E-06	0.340811					9.98E-07	5.17E-05	0.574403	0.093921																	
40.3702	9.10E-06	0.419587					1.74E-06	7.18E-05	0.676952	0.132353																	
42.2924	1.39E-05	0.511795					2.98E-06	9.86E-05	0.79186	0.1837																	
44.3062	2.11E-05	0.618498					5.03E-06	0.000134181	0.919365	0.251123																	
46.4159	3.15E-05	0.740538					8.34E-06	0.00018073	1.05944	0.338116																	
48.626	4.63E-05	0.878464					1.36E-05	0.000240996	1.21175	0.448381																	
50.9414	6.74E-05	1.03245					2.18E-05	0.00031815	1.37562	0.585641																	
53.367	9.68E-05	1.2022					3.44E-05	0.000415812	1.55001	0.753388																	
55.9081	0.000137316	1.38693					5.33E-05	0.000538026	1.73348	0.95457																	
58.5702	0.000192226	1.58526					8.13E-05	0.000689209	1.9242	1.19124																	
61.3591	0.000265664	1.79519					0.000122034	0.000874059	2.11998	1.46418																	
64.2807	0.00036248	2.01414					0.000180038	0.00109742	2.31827	1.77252																	
67.3415	0.000488274	2.23891					0.000261215	0.0013641	2.51619	2.11344																	
70.548	0.000649339	2.46575					0.000372719	0.00167865	2.71064	2.48194																	
73.9072	0.00085253	2.69048					0.00052302	0.00204511	2.89833	2.87075																	
77.4264	0.00110504	2.90855					0.000721781	0.0024667	3.07592	3.2704																	
81.1131	0.00141408	3.11524					0.000979589	0.00294548	3.24004	3.66953																	
84.9753	0.00178648	3.30577					0.00130748	0.00348208	3.38746	4.05529																	
89.0215	0.00222819	3.47553					0.00171623	0.00407532	3.51517	4.41403																	
93.2603	0.0027437	3.62024					0.00221548	0.00472202	3.6205	4.73208																	
97.701	0.00333542	3.73611					0.00281262	0.00541671	3.70117	4.99656																	
102.353	0.00400306	3.82005					0.00351161	0.00615155	3.75542	5.19627																	
107.227	0.00474311	3.86978					0.00431175	0.00691633	3.78205	5.3225																	
112.332	0.00554835	3.88392					0.00520656	0.00769855	3.78046	5.3696																	
117.681	0.00640758	3.86208					0.00618301	0.00848367	3.75069	5.33544																	
123.285	0.00730555	3.80487					0.00722106	0.0092555	3.6934	5.22157																	
129.155	0.0082232	3.71386					0.00829378	0.00999674	3.60986	5.03309																	
135.305	0.00913815	3.59152					0.00936819	0.0106895	3.5019	4.77827																	
141.747	0.0100255	3.4411					0.0104066	0.0113162	3.37183	4.46796																	
148.497	0.0108588	3.26651					0.0113688	0.01186	3.22238	4.11482																	
155.568	0.0116114	3.07212					0.0122144	0.0123058	3.05658	3.73245																	
162.975	0.012258	2.86259					0.0129057	0.0126408	2.8777	3.33457																	
170.735	0.0127756	2.64269					0.0134104	0.0128554	2.68907	2.93419																	
178.865	0.0131454	2.41714					0.0137042	0.012943	2.49407	2.54295																	
187.382	0.0133535	2.1904					0.0137726	0.0129011	2.29596	2.17066																	
196.304	0.0133921	1.96659					0.0136122	0.012731	2.09782	1.82494																	
205.651	0.0132595	1.74932					0.0132311	0.0124377	1.90249	1.51114																	
215.443	0.0129609	1.54168					0.0126477	0.0120298	1.71247	1.23244																	
225.702	0.0125076	1.34612					0.0118899	0.011519	1.52994	0.989986																	
236.449	0.0119163	1.16451					0.0109925	0.0109199	1.35667	0.78324																	
247.708	0.0112083	0.998083					0.00999467	0.0102485	1.19405	0.610327																	
259.502	0.0104079	0.847537					0.00893697	0.00952239	1.04309	0.468417																	
271.859	0.00954157	0.713046					0.00785893	0.00875937	0.904415	0.354084																	
284.804	0.00863583	0.594352					0.00679654	0.00797703	0.778329	0.263622																	
298.365	0.00771645	0.490837					0.00578048	0.00719204	0.664826	0.193312																	
312.572	0.00680706	0.401603					0.00483493	0.00641954	0.563639	0.139617																	
327.455	0.00592832	0.325555					0.00397712	0.00567281	0.474289	0.0993166																	
343.047	0.00509721	0.261468					0.00321735	0.00496288	0.396127	0.0695836																	
359.381	0.00432676	0.208056					0.00255965	0.00429844	0.328378	0.048017																	
376.494	0.00362595	0.164025					0.00200268	0.00368579	0.270186	0.0326351																	
394.421	0.00299993	0.128117					0.00154098	0.0031289	0.220649	0.0218463																	
413.201	0.00245035	0.0991444					0.00116609	0.00262963	0.17885	0.0144036																	
432.876	0.00197595	0.0760148					0.000867796	0.00218796	0.143888	0.00935341																	
453.488	0.00157308	0.0577425					0.00063512	0.00180229	0.114897	0.00598232																	
475.081	0.00123639	0.043457					0.000457135	0.00146978	0.0910629	0.00376853																	
497.702	0.000959381	0.0324034					0.000323582	0.00118665	0.0716348	0.00233818																	
521.401	0.000734945	0.0239381					0.000225256	0.000948496	0.0559314	0.00142884																	
546.228	0.000555837	0.0175208					0.000154213	0.000750566	0.0433447	0.000859992																	
572.237	0.000415021	0.0127054					0.000103828	0.00058801	0.0333399	0.000509808																	
599.484	0.000305929	0.00912825					6.87E-05	0.000456059	0.0254532	0.00029766																	
628.029	0.000222639	0.00649762					4.48E-05	0.000350187	0.0192872	0.000171174																	
657.933	0.00015996	0.00458235					2.87E-05	0.000266208	0.0145059	9.70E-05																	
689.261	0.000113462	0.00320176					1.81E-05	0.000200347	0.0108285	5.41E-05																	
722.081	7.95E-05	0.00221645					1.12E-05	0.000149275	0.00802313	2.97E-05																	
756.463	5.49E-05	0.00152017					6.81E-06	0.000110112	0.00590019	1.61E-05																	
792.483	3.75E-05	0.00103299					4.08E-06	8.04E-05	0.00430663	8.57E-06																	
830.218	2.53E-05	0.000695448					2.40E-06	5.81E-05	0.00312002	4.50E-06																	
869.749	1.68E-05	0.000463875					1.39E-06	4.16E-05	0.0022435	2.33E-06																	
911.163	1.10E-05	0.000306553					7.94E-07	2.95E-05	0.0016012	1.18E-06																	
954.548	7.16E-06	0.000200713					4.45E-07	2.07E-05	0.00113426	5.94E-07																	
1000	4.58E-06	0.000130201					2.45E-07	1.44E-05	0.000797495	2.94E-07																	