binmids - fit	dM/dlogD (ug/m3) - fit	dN/dlogD (1/cm3) - fit	binmids - meas	dM/dlogD (ug/m3) - meas	dN/dlogD (1/cm3) - meas
10	1.13E-07	0.000105605	59.49	0.000904588	4.55877
10.4762	1.66E-07	0.000180914	63.9776	0.00363181	14.7152
10.975	2.41E-07	0.000305983	68.8038	0.00433784	14.1307
11.4976	3.50E-07	0.000510924	73.994	0.0047336	12.3974
12.045	5.03E-07	0.000842273	79.5757	0.00503314	10.5981
12.6186	7.19E-07	0.00137084	85.5785	0.00559568	9.473
13.2194	1.02E-06	0.0022027	92.0341	0.00633934	8.62832
13.8489	1.44E-06	0.0034943	98.9767	0.00685012	7.49597
14.5083	2.01E-06	0.00547271	106.443	0.00735806	6.47353
15.1991	2.80E-06	0.00846215	114.473	0.00788268	5.5757
15.9228	3.88E-06	0.012918	123.108	0.00892495	5.0755
16.681	5.32E-06	0.0194691	132.394	0.00879252	4.02007
17.4753	7.26E-06	0.0289691	142.382	0.00923146	3.39343
18.3074	9.84E-06	0.0425558	153.122	0.0096904	2.8639
19.1791	1.33E-05	0.061719	164.673	0.00984747	2.33985
20.0923	1.77E-05	0.0883723	177.095	0.00949558	1.81398
21.049	2.36E-05	0.124925	190.454	0.0088043	1.35224
22.0513	3.11E-05	0.174349	204.821	0.00792378	0.97845
23.1013	4.08E-05	0.240229	220.271	0.00743789	0.738421
24.2013	5.31E-05	0.32679	236.888	0.0175843	1.40355
25.3536	6.88E-05	0.438882			
26.5609	8.84E-05	0.58192			
27.8256	0.000112978	0.761754			
29.1505	0.000143363	0.984471			
30.5386	0.000180724	1.25611			
31.9927	0.000226325	1.5823			
33.516	0.00028157	1.96783			
35.1119	0.000347998	2.41613			
36.7838	0.000427272	2.92881			
38.5353	0.000521158	3.50508			
40.3702	0.000631496	4.14135			
42.2924	0.000760167	4.83083			
44.3062	0.000909043	5.56337			
46.4159	0.00107993	6.32544			
48.626	0.00127452	7.10035			
50.9414	0.00149428	7.86874			
53.367	0.00174043	8.60929			
55.9081	0.0020138	9.29963			
58.5702	0.0023148	9.91746			
61.3591	0.00264331	10.4417			
64.2807	0.00299861	10.8537			
67.3415	0.00337932	11.1384			
70.548	0.00378333	11.2851			
73.9072	0.00420782	11.2881			
77.4264	0.00464918	11.1474			
81.1131	0.00510308	10.8684			
84.9753	0.0055645	10.4614			
89.0215	0.00602777	9.94152			
93.2603	0.0064867	9.32721			
97.701	0.00693471	8.63947			
102.353	0.00736495	7.90059			
107.227	0.00777049	7.13293			
112.332	0.00814449	6.35788			
117.681	0.0084804	5.59492			
123.285	0.00877215	4.86084			
129.155	0.00901431	4.16932			
135.305	0.00920229	3.53066			
141.747	0.00933247	2.95177			
148.497	0.00940229	2.43639			
155.568	0.00941041	1.98539			
162.975	0.00935664	1.59728			
170.735	0.00924205	1.26869			
178.865	0.00906888	0.994864			
187.382	0.00884049	0.77021			
196.304	0.00856122	0.588696			
205.651	0.0082363	0.444232			
215.443	0.00787165	0.330952			
225.702	0.00747371	0.24342			
236.449	0.00704926	0.17676			
247.708	0.00660523	0.126721			
259.502	0.00614851	0.0896908			
271.859	0.00568575	0.0626736			
284.804	0.00522328	0.0432372			
298.365	0.0047669	0.0294488			
312.572	0.00432181	0.0198022			
327.455	0.00389253	0.0131461			
343.047	0.00348285	0.0086162			
359.381	0.00309582	0.00557534			
376.494	0.00273372	0.00356175			
394.421	0.0023981	0.00224642			
413.201	0.00208987	0.0013988			
432.876	0.00180929	0.000859919			
453.488	0.00155608	0.000521909			
475.081	0.00132952	0.00031273			
497.702	0.00112848	0.000185003			
521.401	0.00095155	0.00010805			
546.228	0.000797086	6.23E-05			
572.237	0.000663308	3.55E-05			
599.484	0.000548357	1.99E-05			
628.029	0.000450347	1.11E-05			
657.933	0.000367425	6.06E-06			
689.261	0.000297802	3.28E-06			
722.081	0.000239786	1.75E-06			
756.463	0.000191803	9.22E-07			
792.483	0.000152414	4.80E-07			
830.218	0.000120318	2.47E-07			
869.749	9.44E-05	1.25E-07			
911.163	7.35E-05	6.27E-08			
954.548	5.69E-05	3.10E-08			
1000	4.37E-05	1.51E-08			