binmids - fit	dM/dlogD (ug/m3) - fit comb	dN/dlogD (1/cm3) - fit comb	binmids - meas	dM/dlogD (ug/m3) - meas	dN/dlogD (1/cm3) - meas		dM/dlogD (ug/m3) - fit HG	dM/dlogD (ug/m3) - fit lG	dN/dlogD (1/cm3) - fit HG	dN/dlogD (1/cm3) - fit LG	dM/dlogD (ug/m3) - meas HG	dM/dlogD (ug/m3) - meas HG bins	dN/dlogD (1/cm3) - meas LG	dN/dlogD (1/cm3) - meas LG bins
10	3.36E-08	1.78E-33	68.4658	0.00907985	30.0184		2.19E-08	8.62E-09	1.84E-43	0.00541082	2.90372	66.6527	0.00148357	3.33826
10.4762	5.81E-08	5.99E-32	77.2161	0.0297898	68.6553		3.85E-08	1.45E-08	1.74E-41	0.00814791	68.4713	71.2428	0.000494523	4.39575
10.975	9.94E-08	1.86E-30	87.0847	0.0253859	40.7845		6.71E-08	2.43E-08	1.50E-39	0.012143	72.6155	76.149	0.00692332	5.78825
11.4976	1.68E-07	5.36E-29	98.2146	0.0226316	25.3464		1.15E-07	4.03E-08	1.16E-37	0.0179101	52.9147	81.393	0.0108795	7.62186
12.045	2.81E-07	1.42E-27	110.767	0.0207841	16.2267		1.96E-07	6.60E-08	8.07E-36	0.0261436	40.9667	86.9982	0.0153302	10.0363
12.6186	4.65E-07	3.49E-26	124.924	0.0181996	9.90507		3.30E-07	1.07E-07	5.08E-34	0.0377682	30.958	92.9894	0.0459906	13.2157
13.2194	7.59E-07	7.89E-25	140.889	0.0148431	5.63141		5.49E-07	1.72E-07	2.88E-32	0.0539988	24.1841	99.3931	0.120169	17.4021
13.8489	1.23E-06	1.65E-23	158.896	0.0120687	3.19192		9.01E-07	2.74E-07	1.47E-30	0.0764074	18.8528	106.238	0.335781	22.9148
14.5083	1.96E-06	3.18E-22	179.204	0.00959224	1.76852		1.46E-06	4.33E-07	6.78E-29	0.107	14.7046	113.554	4.75335	30.1738
15.1991	3.09E-06	5.68E-21	202.107	0.00735986	0.945923		2.35E-06	6.75E-07	2.82E-27	0.148294	10.9793	121.374	13.4337	39.7323
15.9228	4.83E-06	9.34E-20	227.937	0.00527888	0.472962		3.72E-06	1.04E-06	1.06E-25	0.203404	8.44548	129.732	19.4402	52.3188
16.681	7.45E-06	1.42E-18	257.069	0.00447471	0.279477		5.82E-06	1.60E-06	3.57E-24	0.276115	6.07514	138.667	20.6246	68.8925
17.4753	1.14E-05	1.99E-17	289.923	0.00369028	0.160671		9.01E-06	2.42E-06	1.09E-22	0.37095	4.32595	148.216	15.9612	90.7164
18.3074	1.72E-05	2.58E-16	326.977	0.00324334	0.0984394		1.38E-05	3.64E-06	2.99E-21	0.493213	3.23271	158.423	8.8752	119.454
19.1791	2.56E-05	3.09E-15	368.767	0.00336913	0.0712839		2.08E-05	5.41E-06	7.41E-20	0.649007	2.2723	169.333	3.27226	157.294
20.0923	3.78E-05	3.42E-14	415.897	0.00268502	0.0396021		3.12E-05	7.97E-06	1.66E-18	0.8452	1.68992	180.994	0.950473	207.122
21.049	5.51E-05	3.49E-13	469.051	0.00308133	0.0316816		4.60E-05	1.16E-05	3.34E-17	1.08934	1.24036	193.458	0.228469	272.735
22.0513	7.94E-05	3.29E-12	528.998	0.00252582	0.0181038		6.71E-05	1.68E-05	6.06E-16	1.38951	0.801026	206.781	0.0791236	359.133
23.1013	0.000113183	2.87E-11	596.607	0.00203811	0.0101834		9.68E-05	2.40E-05	9.92E-15	1.75411	0.570118	221.021	0.0267042	472.899
24.2013	0.000159507	2.30E-10	672.856	0.0090959	0.0316816		0.00013804	3.40E-05	1.46E-13	2.19151	1.6511	236.241	0.0192864	622.705
25.3536	0.000222248	1.71E-09					0.000194461	4.76E-05	1.95E-12	2.70974				
26.5609	0.000306164	1.17E-08					0.00027073	6.62E-05	2.34E-11	3.31593				
27.8256	0.000416991	7.42E-08					0.000372496	9.10E-05	2.54E-10	4.01585				
29.1505	0.00056151	4.34E-07					0.000506509	0.00012389	2.47E-09	4.81332				
30.5386	0.000747558	2.34E-06					0.000680664	0.000167076	2.18E-08	5.70962				
31.9927	0.000983989	1.17E-05					0.00090398	0.000223126	1.73E-07	6.70291				
33.516	0.00128054	5.38E-05					0.00118649	0.000295084	1.24E-06	7.7878				
35.1119	0.0016476	0.000228646					0.00153904	0.000386457	7.98E-06	8.95491				
36.7838	0.0020959	0.000897673					0.00197295	0.000501207	4.64E-05	10.1907				
38.5353	0.00263599	0.00325452					0.00249954	0.000643711	0.000243572	11.4772				
40.3702	0.00327775	0.0108961					0.00312958	0.0008187	0.00115213	12.7929				
42.2924	0.00402963	0.0336878					0.0038725	0.00103114	0.00491389	14.1121				
44.3062	0.00489792	0.0961809					0.00473562	0.00128609	0.0188975	15.4068				
46.4159	0.00588594	0.253583					0.00572325	0.00158848	0.0655294	16.6467				
48.626	0.00699322	0.617402					0.00683579	0.00194291	0.204889	17.8007				
50.9414	0.00821478	1.38813					0.00806889	0.00235334	0.577639	18.8382				
53.367	0.00954052	2.8821					0.00941282	0.00282276	1.46841	19.7305				
55.9081	0.0109548	5.52589					0.0108519	0.00335292	3.3658	20.4518				
58.5702	0.0124364	9.78391					0.0123643	0.00394395	6.95641	20.9807				
61.3591	0.0139587	15.9969					0.0139225	0.00459409	12.9638	21.3011				
64.2807	0.01549	24.1534					0.0154932	0.0052994	21.7838	21.4033				
67.3415	0.0169947	33.677					0.0170392	0.0060536	33.0057	21.284				
70.548	0.0184346	43.3616					0.0185197	0.00684794	45.0916	20.9469				
73.9072	0.0197702	51.5575					0.019893	0.00767124	55.5464	20.4024				
77.4264	0.0209626	56.6102					0.0211176	0.00851001	61.6977	19.667				
81.1131	0.0219755	57.4001					0.022155	0.00934877	61.7923	18.7624				
84.9753	0.0227766	53.7461					0.0229708	0.0101704	55.8024	17.7147				
89.0215	0.0233397	46.4725					0.0235376	0.0109567	45.4386	16.5529				
93.2603	0.0236461	37.1074					0.0238357	0.0116892	33.3618	15.3077				
97.701	0.0236854	27.3616					0.0238547	0.0123494	22.0865	14.0101				
102.353	0.0234564	18.631					0.0235939	0.0129201	13.1843	12.6901				
107.227	0.0229666	11.7152					0.0230625	0.0133859	7.09642	11.3759				
112.332	0.0222327	6.8026					0.0222788	0.0137337	3.44409	10.0925				
117.681	0.0212786	3.64769					0.0212695	0.0139536	1.50718	8.8615				
123.285	0.020135	1.80624					0.020068	0.0140393	0.59471	7.70035				
129.155	0.0188372	0.825941					0.0187124	0.0139882	0.211592	6.6223				
135.305	0.0174237	0.348769					0.0172439	0.0138019	0.0678809	5.6364				
141.747	0.0159339	0.136001					0.0157044	0.0134858	0.0196357	4.74777				
148.497	0.0144065	0.0489737					0.0141347	0.0130488	0.00512155	3.95797				
155.568	0.0128782	0.0162854					0.0125728	0.0125034	0.0012045	3.2655				
162.975	0.0113817	0.00500092					0.0110525	0.0118643	0.000255427	2.66638				
170.735	0.00994531	0.00141813					0.00960209	0.0111485	4.88E-05	2.15471				
178.865	0.00859184	0.000371363					0.00824426	0.0103741	8.42E-06	1.72325				
187.382	0.00733856	8.98E-05					0.00699548	0.00955966	1.31E-06	1.36397				
196.304	0.00619717	2.01E-05					0.00586629	0.00872358	1.83E-07	1.06845				
205.651	0.00517408	4.14E-06					0.00486172	0.00788327	2.32E-08	0.828327				
215.443	0.00427101	7.88E-07					0.00398195	0.00705468	2.64E-09	0.635539				
225.702	0.00348566	1.38E-07					0.00322316	0.00625184	2.72E-10	0.482588				
236.449	0.00281252	2.25E-08					0.00257839	0.00548653	2.52E-11	0.362666				
247.708	0.0022437	3.37E-09					0.00203842	0.00476811	2.10E-12	0.269731				
259.502	0.00176967	4.67E-10					0.00159265	0.00410351	1.58E-13	0.198541				
271.859	0.00137999	5.97E-11					0.00122978	0.00349722	1.08E-14	0.144632				
284.804	0.00106394	7.05E-12					0.000938454	0.00295155	6.59E-16	0.104273				
298.365	0.000810991	7.69E-13					0.000707749	0.00246682	3.64E-17	0.0744005				
312.572	0.000611184	7.75E-14					0.000527503	0.00204166	1.81E-18	0.052538				
327.455	0.000455392	7.21E-15					0.000388554	0.00167335	8.14E-20	0.0367169				
343.047	0.000335472	6.19E-16					0.000282851	0.00135816	3.29E-21	0.0253953				
359.381	0.000244334	4.91E-17					0.00020349	0.00109163	1.20E-22	0.0173834				
376.494	0.000175942	3.59E-18					0.000144681	0.00086888	3.96E-24	0.0117764				
394.421	0.00012526	2.43E-19					0.000101662	0.000684861	1.17E-25	0.00789559				
413.201	8.82E-05	1.52E-20					7.06E-05	0.00053457	3.14E-27	0.00523903				
432.876	6.14E-05	8.76E-22					4.84E-05	0.000413206	7.59E-29	0.00344042				
453.488	4.22E-05	4.66E-23					3.29E-05	0.000316291	1.65E-30	0.00223598				
475.081	2.87E-05	2.29E-24					2.20E-05	0.000239755	3.24E-32	0.0014382				
497.702	1.93E-05	1.04E-25					1.46E-05	0.000179973	5.73E-34	0.00091551				
521.401	1.28E-05	4.37E-27					9.55E-06	0.000133785	9.14E-36	0.000576771				
546.228	8.44E-06	1.69E-28					6.18E-06	9.85E-05	1.31E-37	0.000359615				
572.237	5.49E-06	6.05E-30					3.95E-06	7.18E-05	1.70E-39	0.000221905				
599.484	3.53E-06	2.00E-31					2.50E-06	5.18E-05	1.99E-41	0.000135516				
628.029	2.24E-06	6.10E-33					1.56E-06	3.71E-05	2.10E-43	8.19E-05				
657.933	1.41E-06	1.72E-34					9.63E-07	2.62E-05	1.40E-45	4.90E-05				
689.261	8.74E-07	4.47E-36					5.87E-07	1.84E-05	0	2.90E-05				
722.081	5.37E-07	1.07E-37					3.54E-07	1.28E-05	0	1.70E-05				
756.463	3.26E-07	2.38E-39					2.11E-07	8.78E-06	0	9.85E-06				
792.483	1.96E-07	4.87E-41					1.24E-07	5.98E-06	0	5.65E-06				
830.218	1.16E-07	9.22E-43					7.22E-08	4.03E-06	0	3.21E-06				
869.749	6.81E-08	1.54E-44					4.15E-08	2.69E-06	0	1.80E-06				
911.163	3.95E-08	0					2.36E-08	1.78E-06	0	1.00E-06				
954.548	2.27E-08	0					1.33E-08	1.16E-06	0	5.53E-07				
1000	1.28E-08	0					7.36E-09	7.55E-07	0	3.01E-07				